0,1.0,0.0,0.0
1,0.9996952148735142,3.0478512648582747E-4,0.0
2,0.9987808594940567,0.0012191405059433099,0.0
3,0.9740932642487047,0.023468454739408718,0.0024382810118866198
4,0.8503505028954587,0.13410545565376408,0.015544041450777202
5,0.5309356903383115,0.4108503505028955,0.05821395915879305
6,0.30326120085339836,0.5714721121609265,0.12526668698567509
7,0.18896677842121304,0.6190185918927157,0.19201462968607133
8,0.13806766229807985,0.5967692776592503,0.26516306004266993
9,0.10454129838463883,0.5678146906430966,0.32764401097226453
10,0.08838768668088998,0.5266686985675099,0.3849436147516001
11,0.08076805851874429,0.4867418469978665,0.4324900944833892
12,0.07711063700091436,0.44437671441633647,0.47851264858274917
13,0.07467235598902773,0.40536421822615054,0.5199634257848217
14,0.07345321548308442,0.36970435842730875,0.5568424260896069
15,0.07223407497714111,0.33434928375495276,0.5934166412679062
16,0.07192928985065529,0.3005181347150259,0.6275525754343189
17,0.07131971959768363,0.27217311795184396,0.6565071624504725
18,0.0710149344711978,0.24504724169460532,0.6839378238341969
19,0.0710149344711978,0.21853093569033832,0.7104541298384639
20,0.0710149344711978,0.20024382810118865,0.7287412374276135
21,0.07071014934471198,0.17708015848826578,0.7522096921670223
22,0.07071014934471198,0.16153611703748857,0.7677537336177994
23,0.07071014934471198,0.1462968607131972,0.7829929899420909
24,0.07010057909174032,0.13136238951539164,0.798537031392868
25,0.07010057909174032,0.11551356293812862,0.8143858579701311
26,0.07010057909174032,0.10271258762572387,0.8271868332825358
27,0.0697957939652545,0.09295946357817739,0.8372447424565681
28,0.0697957939652545,0.08503505028954587,0.8451691557451997
29,0.0697957939652545,0.07711063700091436,0.8530935690338312
30,0.06949100883876867,0.07253886010362694,0.8579701310576043
31,0.06918622371228283,0.06705272782688204,0.8637610484608351
32,0.06888143858579701,0.05851874428527888,0.8725998171289241
33,0.06827186833282536,0.05333739713501981,0.8783907345321549
34,0.06827186833282536,0.04907040536421823,0.8826577263029565
35,0.06827186833282536,0.045108198719902466,0.8866199329472721
36,0.0676622980798537,0.04266991770801585,0.8896677842121304
37,0.0676622980798537,0.03962206644315757,0.8927156354769887
38,0.0676622980798537,0.03626943005181347,0.8960682718683328
39,0.06735751295336788,0.03352636391344102,0.8991161231331911
40,0.06735751295336788,0.031088082901554404,0.9015544041450777
41,0.06735751295336788,0.02925937214263944,0.9033831149039927
42,0.06705272782688204,0.027430661383724474,0.9055166107893935
43,0.06705272782688204,0.024687595245352027,0.9082596769277659
44,0.06705272782688204,0.02194452910697958,0.9110027430661384
45,0.06613837244742457,0.019506248095092958,0.9143553794574825
46,0.06613837244742457,0.01706796708320634,0.916793660469369
47,0.06583358732093873,0.015544041450777202,0.918622371228284
48,0.06552880219445291,0.013715330691862237,0.9207558671136848
49,0.06552880219445291,0.011886619932947273,0.9225845778725998
50,0.06522401706796709,0.009753124047546479,0.9250228588844864
51,0.06491923194148126,0.009143553794574825,0.9259372142639439
52,0.06491923194148126,0.008229198415117342,0.9268515696434014
53,0.06491923194148126,0.00731484303565986,0.9277659250228589
54,0.06461444681499542,0.005790917403230723,0.9295946357817738
55,0.06461444681499542,0.005790917403230723,0.9295946357817738
56,0.06461444681499542,0.004266991770801585,0.931118561414203
57,0.0643096616885096,0.00365742151782993,0.9320329167936605
58,0.0643096616885096,0.0033526363913441025,0.9323377019201463
59,0.0643096616885096,0.003047851264858275,0.9326424870466321
60,0.06400487656202378,0.0027430661383724473,0.9332520572996038
61,0.06400487656202378,0.0024382810118866198,0.9335568424260896
62,0.06400487656202378,0.0021334958854007926,0.9338616275525754
63,0.06370009143553794,0.0021334958854007926,0.9341664126790613
64,0.06339530630905212,0.0021334958854007926,0.9344711978055471
65,0.06278573605608047,0.0024382810118866198,0.9347759829320329
66,0.06187138067662298,0.0027430661383724473,0.9353855531850046
67,0.0609570252971655,0.0033526363913441025,0.9356903383114904
68,0.060042669917708014,0.00365742151782993,0.9362999085644621
69,0.05943309966473636,0.00365742151782993,0.9369094788174337
70,0.05943309966473636,0.0033526363913441025,0.9372142639439195
71,0.05943309966473636,0.0033526363913441025,0.9372142639439195
72,0.059128314538250536,0.0033526363913441025,0.9375190490704054
73,0.059128314538250536,0.0033526363913441025,0.9375190490704054
74,0.058823529411764705,0.0033526363913441025,0.9378238341968912
75,0.05851874428527888,0.0033526363913441025,0.938128619323377
76,0.05851874428527888,0.0027430661383724473,0.9387381895763487
77,0.05851874428527888,0.0027430661383724473,0.9387381895763487
78,0.05821395915879305,0.0027430661383724473,0.9390429747028345
79,0.05821395915879305,0.0024382810118866198,0.9393477598293203
80,0.05821395915879305,0.0024382810118866198,0.9393477598293203
81,0.05790917403230722,0.0021334958854007926,0.939957330082292
82,0.057604388905821396,0.0024382810118866198,0.939957330082292
83,0.057604388905821396,0.001828710758914965,0.9405669003352637
84,0.057299603779335566,0.0021334958854007926,0.9405669003352637
85,0.05699481865284974,0.0021334958854007926,0.9408716854617495
86,0.05669003352636391,0.0021334958854007926,0.9411764705882353
87,0.05638524839987809,0.0021334958854007926,0.9414812557147211
88,0.05608046327339226,0.0024382810118866198,0.9414812557147211
89,0.05608046327339226,0.0021334958854007926,0.941786040841207
90,0.055775678146906434,0.0021334958854007926,0.9420908259676928
91,0.055775678146906434,0.0015239256324291375,0.9427003962206645
92,0.055775678146906434,0.0015239256324291375,0.9427003962206645
93,0.0554708930204206,0.0012191405059433099,0.9433099664736361
94,0.0554708930204206,0.0012191405059433099,0.9433099664736361
95,0.0554708930204206,0.0012191405059433099,0.9433099664736361
96,0.05516610789393478,0.0015239256324291375,0.9433099664736361
97,0.05516610789393478,0.0015239256324291375,0.9433099664736361
98,0.05516610789393478,0.0015239256324291375,0.9433099664736361
99,0.05486132276744895,0.0015239256324291375,0.9436147516001219
100,0.054251752514477294,0.001828710758914965,0.9439195367266078
101,0.053946967387991464,0.0021334958854007926,0.9439195367266078
102,0.05364218226150564,0.0021334958854007926,0.9442243218530936
103,0.05364218226150564,0.0015239256324291375,0.9448338921060653
104,0.05364218226150564,0.0015239256324291375,0.9448338921060653
105,0.05333739713501981,0.001828710758914965,0.9448338921060653
106,0.053032612008533986,0.001828710758914965,0.9451386772325511
107,0.053032612008533986,0.0015239256324291375,0.9454434623590369
108,0.052727826882048155,0.001828710758914965,0.9454434623590369
109,0.052727826882048155,0.0015239256324291375,0.9457482474855227
110,0.052727826882048155,0.0012191405059433099,0.9460530326120086
111,0.05242304175556233,0.0015239256324291375,0.9460530326120086
112,0.05242304175556233,0.0015239256324291375,0.9460530326120086
113,0.05242304175556233,0.0015239256324291375,0.9460530326120086
114,0.0521182566290765,0.001828710758914965,0.9460530326120086
115,0.0521182566290765,0.001828710758914965,0.9460530326120086
116,0.0521182566290765,0.001828710758914965,0.9460530326120086
117,0.05181347150259067,0.0021334958854007926,0.9460530326120086
118,0.051203901249619016,0.0027430661383724473,0.9460530326120086
119,0.051203901249619016,0.0021334958854007926,0.9466626028649802
120,0.05089911612313319,0.0021334958854007926,0.9469673879914661
121,0.05089911612313319,0.0015239256324291375,0.9475769582444377
122,0.05089911612313319,0.0015239256324291375,0.9475769582444377
123,0.05059433099664736,0.001828710758914965,0.9475769582444377
124,0.05059433099664736,0.001828710758914965,0.9475769582444377
125,0.05059433099664736,0.0015239256324291375,0.9478817433709235
126,0.05028954587016154,0.001828710758914965,0.9478817433709235
127,0.05028954587016154,0.001828710758914965,0.9478817433709235
128,0.05028954587016154,0.0015239256324291375,0.9481865284974094
129,0.04998476074367571,0.001828710758914965,0.9481865284974094
130,0.04998476074367571,0.001828710758914965,0.9481865284974094
131,0.04998476074367571,0.001828710758914965,0.9481865284974094
132,0.049679975617189884,0.001828710758914965,0.9484913136238952
133,0.049679975617189884,0.001828710758914965,0.9484913136238952
134,0.049679975617189884,0.0015239256324291375,0.948796098750381
135,0.04937519049070405,0.0015239256324291375,0.9491008838768669
136,0.04937519049070405,0.0015239256324291375,0.9491008838768669
137,0.04937519049070405,0.0015239256324291375,0.9491008838768669
138,0.04907040536421823,0.0015239256324291375,0.9494056690033527
139,0.04907040536421823,0.0012191405059433099,0.9497104541298385
140,0.04907040536421823,9.143553794574825E-4,0.9500152392563243
141,0.0487656202377324,0.0012191405059433099,0.9500152392563243
142,0.0487656202377324,6.095702529716549E-4,0.950624809509296
143,0.0487656202377324,3.0478512648582747E-4,0.9509295946357817
144,0.04846083511124657,6.095702529716549E-4,0.9509295946357817
145,0.04846083511124657,6.095702529716549E-4,0.9509295946357817
146,0.04846083511124657,6.095702529716549E-4,0.9509295946357817
147,0.047851264858274914,0.0012191405059433099,0.9509295946357817
148,0.047851264858274914,9.143553794574825E-4,0.9512343797622677
149,0.047851264858274914,6.095702529716549E-4,0.9515391648887535
150,0.04754647973178909,9.143553794574825E-4,0.9515391648887535
151,0.04754647973178909,9.143553794574825E-4,0.9515391648887535
152,0.04754647973178909,9.143553794574825E-4,0.9515391648887535
153,0.04724169460530326,0.0012191405059433099,0.9515391648887535
154,0.046936909478817436,0.0015239256324291375,0.9515391648887535
155,0.046936909478817436,0.0015239256324291375,0.9515391648887535
156,0.046632124352331605,0.0015239256324291375,0.9518439500152392
157,0.046632124352331605,0.0012191405059433099,0.952148735141725
158,0.046632124352331605,9.143553794574825E-4,0.952453520268211
159,0.04632733922584578,0.0012191405059433099,0.952453520268211
160,0.04632733922584578,0.0012191405059433099,0.952453520268211
161,0.04632733922584578,0.0012191405059433099,0.952453520268211
162,0.04602255409935995,0.0015239256324291375,0.952453520268211
163,0.04571776897287412,0.0015239256324291375,0.9527583053946967
164,0.04571776897287412,0.0015239256324291375,0.9527583053946967
165,0.0454129838463883,0.001828710758914965,0.9527583053946967
166,0.0454129838463883,0.001828710758914965,0.9527583053946967
167,0.0454129838463883,0.001828710758914965,0.9527583053946967
168,0.045108198719902466,0.001828710758914965,0.9530630905211825
169,0.045108198719902466,0.0015239256324291375,0.9533678756476683
170,0.045108198719902466,0.0012191405059433099,0.9536726607741542
171,0.04480341359341664,0.0012191405059433099,0.95397744590064
172,0.04480341359341664,9.143553794574825E-4,0.9542822310271258
173,0.04480341359341664,9.143553794574825E-4,0.9542822310271258
174,0.04449862846693081,0.0012191405059433099,0.9542822310271258
175,0.04449862846693081,9.143553794574825E-4,0.9545870161536117
176,0.04449862846693081,9.143553794574825E-4,0.9545870161536117
177,0.04419384334044499,0.0012191405059433099,0.9545870161536117
178,0.04419384334044499,6.095702529716549E-4,0.9551965864065833
179,0.04419384334044499,3.0478512648582747E-4,0.9555013715330691
180,0.04388905821395916,6.095702529716549E-4,0.9555013715330691
181,0.04388905821395916,6.095702529716549E-4,0.9555013715330691
182,0.04388905821395916,3.0478512648582747E-4,0.955806156659555
183,0.043584273087473334,6.095702529716549E-4,0.955806156659555
184,0.043584273087473334,6.095702529716549E-4,0.955806156659555
185,0.0432794879609875,9.143553794574825E-4,0.955806156659555
186,0.04297470283450168,9.143553794574825E-4,0.9561109417860408
187,0.04266991770801585,0.0012191405059433099,0.9561109417860408
188,0.04266991770801585,0.0012191405059433099,0.9561109417860408
189,0.04236513258153002,0.0015239256324291375,0.9561109417860408
190,0.04236513258153002,0.0015239256324291375,0.9561109417860408
191,0.04236513258153002,0.0015239256324291375,0.9561109417860408
192,0.042060347455044195,0.0015239256324291375,0.9564157269125266
193,0.042060347455044195,0.0015239256324291375,0.9564157269125266
194,0.041755562328558364,0.0012191405059433099,0.9570252971654983
195,0.04145077720207254,0.0015239256324291375,0.9570252971654983
196,0.04145077720207254,0.0015239256324291375,0.9570252971654983
197,0.04114599207558671,0.0015239256324291375,0.9573300822919841
198,0.040841206949100886,0.001828710758914965,0.9573300822919841
199,0.040536421822615055,0.0021334958854007926,0.9573300822919841
200,0.040536421822615055,0.0012191405059433099,0.9582444376714416
